fraction	e_atm_r	e_atm_i	e_ice_r	e_ice_imag	Mice_real	Mice_imag	e_r	e_i	M-re	M_im
0	1	0	3.17657	-0.00251743	1.78229	-0.000706234	1	0	1	0
0.01	1	0	3.17657	-0.00251743	1.78229	-0.000706234	1.01267	-8.5266e-006	1.00631	-4.23655e-006
0.02	1	0	3.17657	-0.00251743	1.78229	-0.000706234	1.02544	-1.71981e-005	1.01264	-8.49172e-006
0.03	1	0	3.17657	-0.00251743	1.78229	-0.000706234	1.03833	-2.60174e-005	1.01898	-1.27663e-005
0.04	1	0	3.17657	-0.00251743	1.78229	-0.000706234	1.05132	-3.49872e-005	1.02534	-1.70613e-005
0.05	1	0	3.17657	-0.00251743	1.78229	-0.000706234	1.06442	-4.41104e-005	1.03171	-2.13773e-005
0.06	1	0	3.17657	-0.00251743	1.78229	-0.000706234	1.07764	-5.33901e-005	1.0381	-2.57154e-005
0.07	1	0	3.17657	-0.00251743	1.78229	-0.000706234	1.09098	-6.28293e-005	1.0445	-3.00763e-005
0.08	1	0	3.17657	-0.00251743	1.78229	-0.000706234	1.10442	-7.24312e-005	1.05092	-3.4461e-005
0.09	1	0	3.17657	-0.00251743	1.78229	-0.000706234	1.11799	-8.21988e-005	1.05735	-3.88702e-005
0.1	1	0	3.17657	-0.00251743	1.78229	-0.000706234	1.13168	-9.21355e-005	1.0638	-4.33048e-005
0.11	1	0	3.17657	-0.00251743	1.78229	-0.000706234	1.14548	-0.000102245	1.07027	-4.77657e-005
0.12	1	0	3.17657	-0.00251743	1.78229	-0.000706234	1.15941	-0.00011253	1.07676	-5.22538e-005
0.13	1	0	3.17657	-0.00251743	1.78229	-0.000706234	1.17346	-0.000122994	1.08327	-5.677e-005
0.14	1	0	3.17657	-0.00251743	1.78229	-0.000706234	1.18764	-0.000133641	1.08979	-6.13151e-005
0.15	1	0	3.17657	-0.00251743	1.78229	-0.000706234	1.20195	-0.000144475	1.09633	-6.58901e-005
0.16	1	0	3.17657	-0.00251743	1.78229	-0.000706234	1.21638	-0.000155499	1.1029	-7.04958e-005
0.17	1	0	3.17657	-0.00251743	1.78229	-0.000706234	1.23095	-0.000166718	1.10948	-7.51332e-005
0.18	1	0	3.17657	-0.00251743	1.78229	-0.000706234	1.24564	-0.000178134	1.11608	-7.98032e-005
0.19	1	0	3.17657	-0.00251743	1.78229	-0.000706234	1.26047	-0.000189753	1.12271	-8.45068e-005
0.2	1	0	3.17657	-0.00251743	1.78229	-0.000706234	1.27544	-0.000201578	1.12935	-8.92448e-005
0.21	1	0	3.17657	-0.00251743	1.78229	-0.000706234	1.29055	-0.000213614	1.13602	-9.40182e-005
0.22	1	0	3.17657	-0.00251743	1.78229	-0.000706234	1.30579	-0.000225864	1.14271	-9.88281e-005
0.23	1	0	3.17657	-0.00251743	1.78229	-0.000706234	1.32118	-0.000238334	1.14943	-0.000103675
0.24	1	0	3.17657	-0.00251743	1.78229	-0.000706234	1.33671	-0.000251028	1.15616	-0.000108561
0.25	1	0	3.17657	-0.00251743	1.78229	-0.000706234	1.35239	-0.000263951	1.16292	-0.000113486
0.26	1	0	3.17657	-0.00251743	1.78229	-0.000706234	1.36822	-0.000277107	1.16971	-0.000118451
0.27	1	0	3.17657	-0.00251743	1.78229	-0.000706234	1.38419	-0.000290501	1.17652	-0.000123458
0.28	1	0	3.17657	-0.00251743	1.78229	-0.000706234	1.40032	-0.000304138	1.18335	-0.000128507
0.29	1	0	3.17657	-0.00251743	1.78229	-0.000706234	1.4166	-0.000318025	1.19021	-0.0001336
0.3	1	0	3.17657	-0.00251743	1.78229	-0.000706234	1.43304	-0.000332164	1.1971	-0.000138737
0.31	1	0	3.17657	-0.00251743	1.78229	-0.000706234	1.44964	-0.000346564	1.20401	-0.000143921
0.32	1	0	3.17657	-0.00251743	1.78229	-0.000706234	1.4664	-0.000361228	1.21095	-0.00014915
0.33	1	0	3.17657	-0.00251743	1.78229	-0.000706234	1.48332	-0.000376162	1.21792	-0.000154428
0.34	1	0	3.17657	-0.00251743	1.78229	-0.000706234	1.50041	-0.000391373	1.22491	-0.000159755
0.35	1	0	3.17657	-0.00251743	1.78229	-0.000706234	1.51767	-0.000406866	1.23194	-0.000165133
0.36	1	0	3.17657	-0.00251743	1.78229	-0.000706234	1.5351	-0.000422648	1.23899	-0.000170561
0.37	1	0	3.17657	-0.00251743	1.78229	-0.000706234	1.5527	-0.000438725	1.24607	-0.000176043
0.38	1	0	3.17657	-0.00251743	1.78229	-0.000706234	1.57048	-0.000455104	1.25319	-0.000181578
0.39	1	0	3.17657	-0.00251743	1.78229	-0.000706234	1.58844	-0.00047179	1.26033	-0.000187169
0.4	1	0	3.17657	-0.00251743	1.78229	-0.000706234	1.60658	-0.000488792	1.26751	-0.000192816
0.41	1	0	3.17657	-0.00251743	1.78229	-0.000706234	1.6249	-0.000506115	1.27472	-0.000198521
0.42	1	0	3.17657	-0.00251743	1.78229	-0.000706234	1.64341	-0.000523768	1.28196	-0.000204285
0.43	1	0	3.17657	-0.00251743	1.78229	-0.000706234	1.66211	-0.000541757	1.28923	-0.000210109
0.44	1	0	3.17657	-0.00251743	1.78229	-0.000706234	1.681	-0.000560091	1.29654	-0.000215995
0.45	1	0	3.17657	-0.00251743	1.78229	-0.000706234	1.70009	-0.000578777	1.30388	-0.000221945
0.46	1	0	3.17657	-0.00251743	1.78229	-0.000706234	1.71938	-0.000597823	1.31125	-0.000227959
0.47	1	0	3.17657	-0.00251743	1.78229	-0.000706234	1.73887	-0.000617238	1.31866	-0.000234039
0.48	1	0	3.17657	-0.00251743	1.78229	-0.000706234	1.75857	-0.000637029	1.32611	-0.000240187
0.49	1	0	3.17657	-0.00251743	1.78229	-0.000706234	1.77847	-0.000657206	1.33359	-0.000246404
0.5	1	0	3.17657	-0.00251743	1.78229	-0.000706234	1.79859	-0.000677779	1.34111	-0.000252692
0.51	1	0	3.17657	-0.00251743	1.78229	-0.000706234	1.81892	-0.000698755	1.34867	-0.000259053
0.52	1	0	3.17657	-0.00251743	1.78229	-0.000706234	1.83947	-0.000720144	1.35627	-0.000265487
0.53	1	0	3.17657	-0.00251743	1.78229	-0.000706234	1.86024	-0.000741957	1.36391	-0.000271997
0.54	1	0	3.17657	-0.00251743	1.78229	-0.000706234	1.88124	-0.000764203	1.37158	-0.000278584
0.55	1	0	3.17657	-0.00251743	1.78229	-0.000706234	1.90247	-0.000786892	1.3793	-0.00028525
0.56	1	0	3.17657	-0.00251743	1.78229	-0.000706234	1.92393	-0.000810036	1.38706	-0.000291998
0.57	1	0	3.17657	-0.00251743	1.78229	-0.000706234	1.94563	-0.000833645	1.39486	-0.000298828
0.58	1	0	3.17657	-0.00251743	1.78229	-0.000706234	1.96757	-0.000857731	1.4027	-0.000305742
0.59	1	0	3.17657	-0.00251743	1.78229	-0.000706234	1.98976	-0.000882305	1.41059	-0.000312744
0.6	1	0	3.17657	-0.00251743	1.78229	-0.000706234	2.01219	-0.000907379	1.41852	-0.000319833
0.61	1	0	3.17657	-0.00251743	1.78229	-0.000706234	2.03488	-0.000932965	1.42649	-0.000327013
0.62	1	0	3.17657	-0.00251743	1.78229	-0.000706234	2.05783	-0.000959076	1.43451	-0.000334286
0.63	1	0	3.17657	-0.00251743	1.78229	-0.000706234	2.08104	-0.000985725	1.44258	-0.000341653
0.64	1	0	3.17657	-0.00251743	1.78229	-0.000706234	2.10452	-0.00101293	1.4507	-0.000349117
0.65	1	0	3.17657	-0.00251743	1.78229	-0.000706234	2.12827	-0.00104069	1.45886	-0.00035668
0.66	1	0	3.17657	-0.00251743	1.78229	-0.000706234	2.15229	-0.00106904	1.46707	-0.000364345
0.67	1	0	3.17657	-0.00251743	1.78229	-0.000706234	2.1766	-0.00109798	1.47533	-0.000372113
0.68	1	0	3.17657	-0.00251743	1.78229	-0.000706234	2.20119	-0.00112753	1.48364	-0.000379987
0.69	1	0	3.17657	-0.00251743	1.78229	-0.000706234	2.22607	-0.0011577	1.492	-0.000387969
0.7	1	0	3.17657	-0.00251743	1.78229	-0.000706234	2.25125	-0.00118852	1.50042	-0.000396062
0.71	1	0	3.17657	-0.00251743	1.78229	-0.000706234	2.27674	-0.00121999	1.50889	-0.000404269
0.72	1	0	3.17657	-0.00251743	1.78229	-0.000706234	2.30253	-0.00125214	1.51741	-0.000412592
0.73	1	0	3.17657	-0.00251743	1.78229	-0.000706234	2.32863	-0.00128498	1.52598	-0.000421034
0.74	1	0	3.17657	-0.00251743	1.78229	-0.000706234	2.35505	-0.00131853	1.53462	-0.000429597
0.75	1	0	3.17657	-0.00251743	1.78229	-0.000706234	2.3818	-0.00135282	1.54331	-0.000438285
0.76	1	0	3.17657	-0.00251743	1.78229	-0.000706234	2.40887	-0.00138785	1.55205	-0.000447101
0.77	1	0	3.17657	-0.00251743	1.78229	-0.000706234	2.43629	-0.00142365	1.56086	-0.000456046
0.78	1	0	3.17657	-0.00251743	1.78229	-0.000706234	2.46404	-0.00146024	1.56973	-0.000465126
0.79	1	0	3.17657	-0.00251743	1.78229	-0.000706234	2.49215	-0.00149764	1.57865	-0.000474342
0.8	1	0	3.17657	-0.00251743	1.78229	-0.000706234	2.52061	-0.00153588	1.58764	-0.000483698
0.81	1	0	3.17657	-0.00251743	1.78229	-0.000706234	2.54943	-0.00157497	1.59669	-0.000493198
0.82	1	0	3.17657	-0.00251743	1.78229	-0.000706234	2.57863	-0.00161495	1.60581	-0.000502844
0.83	1	0	3.17657	-0.00251743	1.78229	-0.000706234	2.6082	-0.00165582	1.61499	-0.000512641
0.84	1	0	3.17657	-0.00251743	1.78229	-0.000706234	2.63816	-0.00169763	1.62424	-0.000522592
0.85	1	0	3.17657	-0.00251743	1.78229	-0.000706234	2.6685	-0.00174039	1.63356	-0.000532701
0.86	1	0	3.17657	-0.00251743	1.78229	-0.000706234	2.69925	-0.00178414	1.64294	-0.000542972
0.87	1	0	3.17657	-0.00251743	1.78229	-0.000706234	2.73041	-0.0018289	1.65239	-0.000553409
0.88	1	0	3.17657	-0.00251743	1.78229	-0.000706234	2.76198	-0.0018747	1.66192	-0.000564015
0.89	1	0	3.17657	-0.00251743	1.78229	-0.000706234	2.79397	-0.00192156	1.67152	-0.000574796
0.9	1	0	3.17657	-0.00251743	1.78229	-0.000706234	2.8264	-0.00196953	1.68119	-0.000585755
0.91	1	0	3.17657	-0.00251743	1.78229	-0.000706234	2.85927	-0.00201863	1.69094	-0.000596897
0.92	1	0	3.17657	-0.00251743	1.78229	-0.000706234	2.89259	-0.0020689	1.70076	-0.000608227
0.93	1	0	3.17657	-0.00251743	1.78229	-0.000706234	2.92638	-0.00212037	1.71067	-0.00061975
0.94	1	0	3.17657	-0.00251743	1.78229	-0.000706234	2.96063	-0.00217307	1.72065	-0.00063147
0.95	1	0	3.17657	-0.00251743	1.78229	-0.000706234	2.99536	-0.00222705	1.73071	-0.000643392
0.96	1	0	3.17657	-0.00251743	1.78229	-0.000706234	3.03058	-0.00228234	1.74086	-0.000655523
0.97	1	0	3.17657	-0.00251743	1.78229	-0.000706234	3.0663	-0.00233898	1.75109	-0.000667866
0.98	1	0	3.17657	-0.00251743	1.78229	-0.000706234	3.10253	-0.00239701	1.7614	-0.000680429
0.99	1	0	3.17657	-0.00251743	1.78229	-0.000706234	3.13928	-0.00245648	1.7718	-0.000693216
